
##### time= 1.7182e-07 
1E-11		3.04399E-06
6.5E-10		9.21093E-05
1.29E-09		9.91724E-05
1.93E-09		9.89992E-05
2.57E-09		9.82876E-05
3.21E-09		9.76495E-05
3.85E-09		9.66752E-05
4.49E-09		9.63429E-05
5.13E-09		9.56108E-05
5.77E-09		9.65572E-05
6.41E-09		9.60106E-05
7.05E-09		9.53715E-05
7.69E-09		9.48545E-05
8.33E-09		9.50514E-05
8.97E-09		9.35424E-05
9.61E-09		9.32184E-05
1.025E-08		9.36481E-05
1.086E-08		9.35366E-05
1.15E-08		9.23375E-05
1.214E-08		9.31588E-05
1.278E-08		9.23749E-05
1.342E-08		9.16085E-05
1.406E-08		9.1471E-05
1.47E-08		9.18786E-05
1.534E-08		9.18984E-05
1.598E-08		9.1658E-05
1.662E-08		8.99977E-05
1.726E-08		9.02457E-05
1.79E-08		8.97882E-05
1.854E-08		8.9888E-05
1.918E-08		8.95957E-05
1.982E-08		8.94813E-05
2.046E-08		8.88218E-05
2.11E-08		8.83585E-05
2.174E-08		8.79928E-05
2.238E-08		8.83362E-05
2.302E-08		8.77775E-05
2.366E-08		8.74349E-05
2.43E-08		8.72072E-05
2.494E-08		8.72412E-05
2.558E-08		8.73142E-05
2.622E-08		8.62641E-05
2.686E-08		8.60566E-05
2.75E-08		8.64719E-05
2.814E-08		8.49037E-05
2.878E-08		8.4694E-05
2.942E-08		8.45101E-05
3.006E-08		8.46353E-05
3.07E-08		8.53527E-05
3.134E-08		8.3921E-05
3.198E-08		8.31106E-05
3.262E-08		8.24264E-05
3.326E-08		8.0877E-05
3.39E-08		8.17599E-05
3.454E-08		8.24109E-05
3.518E-08		8.06114E-05
3.582E-08		8.12536E-05
3.646E-08		8.0889E-05
3.71E-08		8.03289E-05
3.774E-08		8.01457E-05
3.838E-08		8.05479E-05
3.902E-08		7.95096E-05
3.966E-08		7.86141E-05
4.03E-08		7.8174E-05
4.094E-08		7.75627E-05
4.146E-08		7.7727E-05
4.21E-08		7.79147E-05
4.274E-08		7.74935E-05
4.338E-08		7.68701E-05
4.402E-08		7.61799E-05
4.466E-08		7.71768E-05
4.53E-08		7.87745E-05
4.594E-08		8.08903E-05
4.658E-08		8.29089E-05
4.722E-08		8.40962E-05
4.786E-08		8.65408E-05
4.85E-08		8.50408E-05
4.914E-08		8.56876E-05
4.978E-08		8.67788E-05
5.042E-08		8.85177E-05
5.106E-08		8.6589E-05
5.17E-08		8.77332E-05
5.234E-08		8.65338E-05
5.298E-08		8.71794E-05
5.362E-08		8.67346E-05
5.426E-08		8.66835E-05
5.49E-08		8.67618E-05
5.554E-08		8.6987E-05
5.618E-08		8.64099E-05
5.682E-08		8.66298E-05
5.746E-08		8.746E-05
5.81E-08		8.78772E-05
5.874E-08		8.78224E-05
5.938E-08		8.68151E-05
6.002E-08		8.69454E-05
6.066E-08		8.7145E-05
6.13E-08		8.56496E-05
6.194E-08		8.83223E-05
6.258E-08		8.59635E-05
6.322E-08		8.59974E-05
6.386E-08		8.67025E-05
6.45E-08		8.64829E-05
6.514E-08		8.60896E-05
6.578E-08		8.70206E-05
6.642E-08		8.5793E-05
6.706E-08		8.74875E-05
6.77E-08		8.72538E-05
6.834E-08		8.8116E-05
6.898E-08		8.76869E-05
6.962E-08		8.68913E-05
7.026E-08		8.65515E-05
7.09E-08		8.65528E-05
7.154E-08		8.58195E-05
7.218E-08		8.65689E-05
7.282E-08		8.6606E-05
7.346E-08		8.57471E-05
7.41E-08		8.65417E-05
7.474E-08		8.67759E-05
7.538E-08		8.67021E-05
7.602E-08		8.65792E-05
7.666E-08		8.62881E-05
7.73E-08		8.57979E-05
7.794E-08		8.69451E-05
7.858E-08		8.71722E-05
7.922E-08		8.67305E-05
7.986E-08		8.54532E-05
8.05E-08		8.63018E-05
8.114E-08		8.57166E-05
8.178E-08		8.53628E-05
8.242E-08		8.46239E-05
8.306E-08		8.59767E-05
8.37E-08		8.58504E-05
8.434E-08		8.51311E-05
8.498E-08		8.5715E-05
8.562E-08		8.55137E-05
8.626E-08		8.84385E-05
8.69E-08		8.64275E-05
8.754E-08		8.8346E-05
8.818E-08		8.68178E-05
8.882E-08		8.60023E-05
8.946E-08		8.54583E-05
9.01E-08		8.68322E-05
9.074E-08		8.66122E-05
9.138E-08		8.5811E-05
9.202E-08		8.51828E-05
9.266E-08		8.64614E-05
9.33E-08		8.69383E-05
9.394E-08		8.55718E-05
9.458E-08		8.73525E-05
9.522E-08		8.65348E-05
9.586E-08		8.63504E-05
9.65E-08		8.56873E-05
9.714E-08		8.72806E-05
9.778E-08		8.63306E-05
9.842E-08		8.58145E-05
9.906E-08		8.54556E-05
9.97E-08		8.70163E-05
1.0034E-07		8.56684E-05
1.0098E-07		8.50403E-05
1.0162E-07		8.63245E-05
1.0226E-07		8.57835E-05
1.029E-07		8.59297E-05
1.0354E-07		8.61684E-05
1.0418E-07		8.53199E-05
1.0482E-07		8.63844E-05
1.0546E-07		8.57732E-05
1.061E-07		8.59699E-05
1.0674E-07		8.66555E-05
1.0738E-07		8.65964E-05
1.0802E-07		8.58208E-05
1.0866E-07		8.63853E-05
1.093E-07		8.53427E-05
1.0994E-07		8.51571E-05
1.1058E-07		8.54292E-05
1.1122E-07		8.61715E-05
1.1186E-07		8.71577E-05
1.125E-07		8.67011E-05
1.1314E-07		8.56649E-05
1.1378E-07		8.50488E-05
1.1442E-07		8.59049E-05
1.1506E-07		8.51211E-05
1.157E-07		8.69154E-05
1.1634E-07		8.49182E-05
1.1698E-07		8.53047E-05
1.1762E-07		8.62609E-05
1.1826E-07		8.60985E-05
1.189E-07		8.64247E-05
1.1954E-07		8.49079E-05
1.2018E-07		8.67975E-05
1.2082E-07		8.60997E-05
1.2146E-07		8.58708E-05
1.221E-07		8.63289E-05
1.2274E-07		8.56725E-05
1.2338E-07		8.65344E-05
1.2402E-07		8.52849E-05
1.2466E-07		8.54011E-05
1.253E-07		8.5885E-05
1.2594E-07		8.70069E-05
1.2658E-07		8.50309E-05
1.2722E-07		8.36056E-05
1.2786E-07		8.47356E-05
1.285E-07		8.55476E-05
1.2914E-07		8.51263E-05
1.2978E-07		8.5077E-05
1.3042E-07		8.59939E-05
1.3106E-07		8.75369E-05
1.317E-07		8.54011E-05
1.3234E-07		8.65329E-05
1.3298E-07		8.60863E-05
1.3362E-07		8.71687E-05
1.3426E-07		8.46571E-05
1.349E-07		8.58436E-05
1.3554E-07		8.54257E-05
1.3618E-07		8.56257E-05
1.3682E-07		8.4912E-05
1.3746E-07		8.56323E-05
1.381E-07		8.5753E-05
1.3874E-07		8.64508E-05
1.3938E-07		8.74279E-05
1.4002E-07		8.58079E-05
1.4066E-07		8.63702E-05
1.413E-07		8.48338E-05
1.4194E-07		8.57048E-05
1.4258E-07		8.48469E-05
1.4322E-07		8.61814E-05
1.4386E-07		8.61485E-05
1.445E-07		8.48645E-05
1.4514E-07		8.65435E-05
1.4578E-07		8.57979E-05
1.4642E-07		8.51311E-05
1.4706E-07		8.72052E-05
1.477E-07		8.6589E-05
1.4834E-07		8.56774E-05
1.4898E-07		8.64791E-05
1.4962E-07		8.69356E-05
1.5026E-07		8.51845E-05
1.509E-07		8.56703E-05
1.5154E-07		8.57703E-05
1.5218E-07		8.53626E-05
1.5282E-07		8.54965E-05
1.5346E-07		8.54869E-05
1.541E-07		8.47207E-05
1.5474E-07		8.48601E-05
1.5538E-07		8.72216E-05
1.5602E-07		8.51313E-05
1.5666E-07		8.59453E-05
1.573E-07		8.5366E-05
1.5794E-07		8.55604E-05
1.5858E-07		8.56504E-05
1.5922E-07		8.56195E-05
1.5986E-07		8.62333E-05
1.605E-07		8.60001E-05
1.6114E-07		8.69778E-05
1.6178E-07		8.48595E-05
1.6242E-07		8.56013E-05
1.6306E-07		8.49864E-05
1.637E-07		8.51732E-05
1.6386E-07		8.5907E-05
1.645E-07		8.58262E-05
1.6514E-07		8.51387E-05
1.6578E-07		8.52376E-05
1.6642E-07		8.54824E-05
1.6706E-07		8.49526E-05
1.677E-07		8.36469E-05
1.6834E-07		8.52719E-05
1.6898E-07		8.61994E-05
1.6962E-07		8.59402E-05
1.7026E-07		8.44628E-05
1.709E-07		8.54356E-05
1.7154E-07		8.52126E-05

##### time= 1.7182e-07 
1E-11		3.04399E-06
9E-11		2.86335E-05
1.7E-10		5.40791E-05
2.5E-10		7.57535E-05
3.3E-10		7.92426E-05
4.1E-10		8.23143E-05
4.9E-10		8.56694E-05
5.7E-10		8.7907E-05
6.5E-10		9.21093E-05
7.3E-10		9.47868E-05
8.1E-10		9.68754E-05
8.9E-10		9.96306E-05
9.7E-10		0.000100583
1.05E-09		0.000101179
1.13E-09		0.000101691
1.21E-09		0.000100186
1.29E-09		9.91724E-05
1.37E-09		9.88768E-05
1.45E-09		9.8767E-05
1.53E-09		9.96719E-05
1.61E-09		9.98294E-05
1.69E-09		0.000100243
1.77E-09		9.96956E-05
1.85E-09		9.93576E-05
1.93E-09		9.89992E-05
2.01E-09		9.87545E-05
2.09E-09		9.83207E-05
2.17E-09		9.80144E-05
2.25E-09		9.82476E-05
2.33E-09		9.80408E-05
2.41E-09		9.83564E-05
2.49E-09		9.85395E-05
2.57E-09		9.82876E-05
2.65E-09		9.77207E-05
2.73E-09		9.69954E-05
2.81E-09		9.67209E-05
2.89E-09		9.67794E-05
2.97E-09		9.73176E-05
3.05E-09		9.72205E-05
3.13E-09		9.72196E-05
3.21E-09		9.76495E-05
3.29E-09		9.75289E-05
3.37E-09		9.72191E-05
3.45E-09		9.71191E-05
3.53E-09		9.69327E-05
3.61E-09		9.72388E-05
3.69E-09		9.71834E-05
3.77E-09		9.68769E-05
3.85E-09		9.66752E-05
3.93E-09		9.66795E-05
4.01E-09		9.72644E-05
4.09E-09		9.76577E-05
4.17E-09		9.71863E-05
4.25E-09		9.66802E-05
4.33E-09		9.67296E-05
4.41E-09		9.60437E-05
4.49E-09		9.63429E-05
4.57E-09		9.68552E-05
4.65E-09		9.69579E-05
4.73E-09		9.6772E-05
4.81E-09		9.61956E-05
4.89E-09		9.63067E-05
4.97E-09		9.57904E-05
5.05E-09		9.58021E-05
5.13E-09		9.56108E-05
5.21E-09		9.60029E-05
5.29E-09		9.59668E-05
5.37E-09		9.64486E-05
5.45E-09		9.55179E-05
5.53E-09		9.56507E-05
5.61E-09		9.52024E-05
5.69E-09		9.61571E-05
5.77E-09		9.65572E-05
5.85E-09		9.5832E-05
5.93E-09		9.64594E-05
6.01E-09		9.68349E-05
6.09E-09		9.51034E-05
6.17E-09		9.47498E-05
6.25E-09		9.52842E-05
6.33E-09		9.58958E-05
6.41E-09		9.60106E-05
6.49E-09		9.58338E-05
6.57E-09		9.51001E-05
6.65E-09		9.54453E-05
6.73E-09		9.49868E-05
6.81E-09		9.45515E-05
6.89E-09		9.47457E-05
6.97E-09		9.56339E-05
7.05E-09		9.53715E-05
7.13E-09		9.56028E-05
7.21E-09		9.58416E-05
7.29E-09		9.53443E-05
7.37E-09		9.57558E-05
7.45E-09		9.51058E-05
7.53E-09		9.45224E-05
7.61E-09		9.50658E-05
7.69E-09		9.48545E-05
7.77E-09		9.581E-05
7.85E-09		9.53245E-05
7.93E-09		9.46032E-05
8.01E-09		9.41724E-05
8.09E-09		9.44466E-05
8.17E-09		9.42529E-05
8.25E-09		9.44093E-05
8.33E-09		9.50514E-05
8.41E-09		9.45384E-05
8.49E-09		9.46178E-05
8.57E-09		9.43765E-05
8.65E-09		9.42902E-05
8.73E-09		9.47558E-05
8.81E-09		9.53621E-05
8.89E-09		9.44618E-05
8.97E-09		9.35424E-05
9.05E-09		9.3541E-05
9.13E-09		9.35931E-05
9.21E-09		9.40502E-05
9.29E-09		9.41819E-05
9.37E-09		9.39495E-05
9.45E-09		9.39718E-05
9.53E-09		9.37718E-05
9.61E-09		9.32184E-05
9.69E-09		9.36977E-05
9.77E-09		9.3265E-05
9.85E-09		9.34871E-05
9.93E-09		9.42009E-05
1.001E-08		9.30357E-05
1.009E-08		9.3568E-05
1.017E-08		9.37503E-05
1.025E-08		9.36481E-05
1.033E-08		9.40405E-05
1.041E-08		9.47032E-05
1.049E-08		9.49639E-05
1.057E-08		9.4765E-05
1.065E-08		9.42456E-05
1.073E-08		9.48526E-05
1.081E-08		9.38143E-05
1.089E-08		9.38176E-05
1.097E-08		9.2943E-05
1.105E-08		9.3464E-05
1.113E-08		9.38849E-05
1.121E-08		9.40544E-05
1.129E-08		9.3351E-05
1.137E-08		9.30716E-05
1.145E-08		9.21742E-05
1.153E-08		9.27355E-05
1.161E-08		9.23284E-05
1.169E-08		9.26245E-05
1.177E-08		9.37486E-05
1.185E-08		9.35072E-05
1.193E-08		9.38242E-05
1.201E-08		9.36297E-05
1.209E-08		9.30308E-05
1.217E-08		9.34795E-05
1.225E-08		9.34786E-05
1.233E-08		9.33262E-05
1.241E-08		9.3442E-05
1.249E-08		9.34009E-05
1.257E-08		9.2995E-05
1.265E-08		9.27292E-05
1.273E-08		9.22313E-05
1.281E-08		9.27963E-05
1.289E-08		9.21704E-05
1.297E-08		9.20424E-05
1.305E-08		9.24635E-05
1.313E-08		9.20532E-05
1.321E-08		9.16315E-05
1.329E-08		9.20956E-05
1.337E-08		9.15637E-05
1.345E-08		9.17254E-05
1.353E-08		9.224E-05
1.361E-08		9.15836E-05
1.369E-08		9.20475E-05
1.377E-08		9.12208E-05
1.385E-08		9.13491E-05
1.393E-08		9.13496E-05
1.401E-08		9.16999E-05
1.409E-08		9.11578E-05
1.417E-08		9.12593E-05
1.425E-08		9.09017E-05
1.433E-08		9.05189E-05
1.441E-08		9.1627E-05
1.449E-08		9.14089E-05
1.457E-08		9.12046E-05
1.465E-08		9.15702E-05
1.473E-08		9.13646E-05
1.481E-08		9.11596E-05
1.489E-08		9.14745E-05
1.497E-08		9.12392E-05
1.505E-08		9.14369E-05
1.513E-08		9.18105E-05
1.521E-08		9.1386E-05
1.529E-08		9.14362E-05
1.537E-08		9.19088E-05
1.545E-08		9.18719E-05
1.553E-08		9.16076E-05
1.561E-08		9.1903E-05
1.569E-08		9.19575E-05
1.577E-08		9.2115E-05
1.585E-08		9.15547E-05
1.593E-08		9.20743E-05
1.601E-08		9.1256E-05
1.609E-08		9.10877E-05
1.617E-08		9.10419E-05
1.625E-08		9.11122E-05
1.633E-08		9.07199E-05
1.641E-08		9.00075E-05
1.649E-08		9.00803E-05
1.657E-08		9.02458E-05
1.665E-08		9.00693E-05
1.673E-08		9.09585E-05
1.681E-08		9.10607E-05
1.689E-08		9.05479E-05
1.697E-08		9.04782E-05
1.705E-08		9.04948E-05
1.713E-08		8.99118E-05
1.721E-08		9.04726E-05
1.729E-08		9.03845E-05
1.737E-08		8.98173E-05
1.745E-08		9.01279E-05
1.753E-08		9.04184E-05
1.761E-08		8.97138E-05
1.769E-08		8.92978E-05
1.777E-08		9.01747E-05
1.785E-08		8.97599E-05
1.793E-08		8.93832E-05
1.801E-08		8.91425E-05
1.809E-08		8.88768E-05
1.817E-08		8.89956E-05
1.825E-08		8.90562E-05
1.833E-08		8.94322E-05
1.841E-08		8.93183E-05
1.849E-08		8.94329E-05
1.857E-08		8.95313E-05
1.865E-08		8.93102E-05
1.873E-08		8.93543E-05
1.881E-08		8.95694E-05
1.889E-08		8.91899E-05
1.897E-08		8.96011E-05
1.905E-08		8.97193E-05
1.913E-08		9.00901E-05
1.921E-08		8.97454E-05
1.929E-08		9.04408E-05
1.937E-08		9.01682E-05
1.945E-08		9.01012E-05
1.953E-08		8.96814E-05
1.961E-08		9.07182E-05
1.969E-08		8.98723E-05
1.977E-08		9.06992E-05
1.985E-08		9.01145E-05
1.993E-08		9.14298E-05
2.001E-08		9.04966E-05
2.009E-08		8.91345E-05
2.017E-08		8.92398E-05
2.025E-08		8.94741E-05
2.033E-08		8.95537E-05
2.041E-08		8.90096E-05
2.049E-08		8.84163E-05
2.057E-08		8.85493E-05
2.065E-08		8.90489E-05
2.073E-08		8.87559E-05
2.081E-08		8.89212E-05
2.089E-08		8.81814E-05
2.097E-08		8.91356E-05
2.105E-08		8.80953E-05
2.113E-08		8.86991E-05
2.121E-08		8.84447E-05
2.129E-08		8.82977E-05
2.137E-08		8.90954E-05
2.145E-08		8.83927E-05
2.153E-08		8.86121E-05
2.161E-08		8.81397E-05
2.169E-08		8.86055E-05
2.177E-08		8.87354E-05
2.185E-08		8.93476E-05
2.193E-08		8.90603E-05
2.201E-08		8.93689E-05
2.209E-08		8.80997E-05
2.217E-08		8.9392E-05
2.225E-08		8.86944E-05
2.233E-08		8.83597E-05
2.241E-08		8.82282E-05
2.249E-08		8.87764E-05
2.257E-08		8.8315E-05
2.265E-08		8.87094E-05
2.273E-08		8.76457E-05
2.281E-08		8.79724E-05
2.289E-08		8.80299E-05
2.297E-08		8.74062E-05
2.305E-08		8.76582E-05
2.313E-08		8.78418E-05
2.321E-08		8.77277E-05
2.329E-08		8.79248E-05
2.337E-08		8.72957E-05
2.345E-08		8.7995E-05
2.353E-08		8.81678E-05
2.361E-08		8.80157E-05
2.369E-08		8.78882E-05
2.377E-08		8.77569E-05
2.385E-08		8.781E-05
2.393E-08		8.71686E-05
2.401E-08		8.68257E-05
2.409E-08		8.84147E-05
2.417E-08		8.7303E-05
2.425E-08		8.72395E-05
2.433E-08		8.70928E-05
2.441E-08		8.75752E-05
2.449E-08		8.7002E-05
2.457E-08		8.72084E-05
2.465E-08		8.7401E-05
2.473E-08		8.68269E-05
2.481E-08		8.70717E-05
2.489E-08		8.67546E-05
2.497E-08		8.71672E-05
2.505E-08		8.67003E-05
2.513E-08		8.67557E-05
2.521E-08		8.65747E-05
2.529E-08		8.62384E-05
2.537E-08		8.6761E-05
2.545E-08		8.69937E-05
2.553E-08		8.64231E-05
2.561E-08		8.73636E-05
2.569E-08		8.70321E-05
2.577E-08		8.64216E-05
2.585E-08		8.6236E-05
2.593E-08		8.5869E-05
2.601E-08		8.61783E-05
2.609E-08		8.51768E-05
2.617E-08		8.56509E-05
2.625E-08		8.64604E-05
2.633E-08		8.57808E-05
2.641E-08		8.60369E-05
2.649E-08		8.6581E-05
2.657E-08		8.63574E-05
2.665E-08		8.65515E-05
2.673E-08		8.64378E-05
2.681E-08		8.63897E-05
2.689E-08		8.5528E-05
2.697E-08		8.50433E-05
2.705E-08		8.55602E-05
2.713E-08		8.56388E-05
2.721E-08		8.57697E-05
2.729E-08		8.52325E-05
2.737E-08		8.58351E-05
2.745E-08		8.63807E-05
2.753E-08		8.66542E-05
2.761E-08		8.58247E-05
2.769E-08		8.61728E-05
2.777E-08		8.54084E-05
2.785E-08		8.58601E-05
2.793E-08		8.59988E-05
2.801E-08		8.56564E-05
2.809E-08		8.58738E-05
2.817E-08		8.50423E-05
2.825E-08		8.50226E-05
2.833E-08		8.51772E-05
2.841E-08		8.50501E-05
2.849E-08		8.5094E-05
2.857E-08		8.50494E-05
2.865E-08		8.49135E-05
2.873E-08		8.458E-05
2.881E-08		8.46362E-05
2.889E-08		8.44397E-05
2.897E-08		8.39592E-05
2.905E-08		8.41688E-05
2.913E-08		8.38817E-05
2.921E-08		8.39505E-05
2.929E-08		8.40224E-05
2.937E-08		8.45316E-05
2.945E-08		8.47122E-05
2.953E-08		8.42146E-05
2.961E-08		8.41512E-05
2.969E-08		8.36455E-05
2.977E-08		8.39129E-05
2.985E-08		8.38957E-05
2.993E-08		8.37982E-05
3.001E-08		8.36984E-05
3.009E-08		8.47735E-05
3.017E-08		8.36769E-05
3.025E-08		8.4969E-05
3.033E-08		8.43432E-05
3.041E-08		8.55197E-05
3.049E-08		8.4487E-05
3.057E-08		8.45153E-05
3.065E-08		8.53407E-05
3.073E-08		8.51042E-05
3.081E-08		8.44537E-05
3.089E-08		8.4606E-05
3.097E-08		8.45406E-05
3.105E-08		8.46735E-05
3.113E-08		8.39676E-05
3.121E-08		8.41438E-05
3.129E-08		8.44463E-05
3.137E-08		8.39089E-05
3.145E-08		8.44335E-05
3.153E-08		8.41245E-05
3.161E-08		8.30962E-05
3.169E-08		8.28328E-05
3.177E-08		8.2787E-05
3.185E-08		8.32278E-05
3.193E-08		8.36604E-05
3.201E-08		8.30989E-05
3.209E-08		8.33433E-05
3.217E-08		8.33291E-05
3.225E-08		8.33924E-05
3.233E-08		8.28649E-05
3.241E-08		8.28319E-05
3.249E-08		8.24196E-05
3.257E-08		8.21445E-05
3.265E-08		8.24269E-05
3.273E-08		8.16642E-05
3.281E-08		8.24262E-05
3.289E-08		8.14927E-05
3.297E-08		8.12433E-05
3.305E-08		8.14633E-05
3.313E-08		8.17271E-05
3.321E-08		8.15676E-05
3.329E-08		8.12057E-05
3.337E-08		8.12603E-05
3.345E-08		8.15418E-05
3.353E-08		8.17648E-05
3.361E-08		8.27195E-05
3.369E-08		8.22876E-05
3.377E-08		8.23311E-05
3.385E-08		8.18656E-05
3.393E-08		8.2367E-05
3.401E-08		8.28914E-05
3.409E-08		8.25187E-05
3.417E-08		8.29155E-05
3.425E-08		8.30716E-05
3.433E-08		8.32693E-05
3.441E-08		8.31263E-05
3.449E-08		8.2385E-05
3.457E-08		8.2755E-05
3.465E-08		8.25124E-05
3.473E-08		8.27332E-05
3.481E-08		8.1576E-05
3.489E-08		8.22317E-05
3.497E-08		8.14429E-05
3.505E-08		8.12149E-05
3.513E-08		8.11493E-05
3.521E-08		8.07697E-05
3.529E-08		8.14888E-05
3.537E-08		8.14653E-05
3.545E-08		8.11966E-05
3.553E-08		8.14923E-05
3.561E-08		8.17354E-05
3.569E-08		8.18232E-05
3.577E-08		8.09104E-05
3.585E-08		8.06801E-05
3.593E-08		8.10206E-05
3.601E-08		8.05421E-05
3.609E-08		8.12437E-05
3.617E-08		8.12446E-05
3.625E-08		8.15905E-05
3.633E-08		8.09769E-05
3.641E-08		8.14322E-05
3.649E-08		8.09697E-05
3.657E-08		8.1417E-05
3.665E-08		8.0967E-05
3.673E-08		8.09733E-05
3.681E-08		8.1011E-05
3.689E-08		8.10155E-05
3.697E-08		8.04779E-05
3.705E-08		8.03348E-05
3.713E-08		8.05521E-05
3.721E-08		8.05966E-05
3.729E-08		8.02224E-05
3.737E-08		8.00468E-05
3.745E-08		8.03201E-05
3.753E-08		8.06254E-05
3.761E-08		8.06564E-05
3.769E-08		8.03096E-05
3.777E-08		8.0358E-05
3.785E-08		8.06233E-05
3.793E-08		8.0396E-05
3.801E-08		8.0406E-05
3.809E-08		7.99666E-05
3.817E-08		7.93269E-05
3.825E-08		8.02438E-05
3.833E-08		8.06732E-05
3.841E-08		8.02806E-05
3.849E-08		7.97324E-05
3.857E-08		8.02318E-05
3.865E-08		8.05365E-05
3.873E-08		7.99388E-05
3.881E-08		7.9722E-05
3.889E-08		7.99566E-05
3.897E-08		7.89033E-05
3.905E-08		7.89058E-05
3.913E-08		7.94084E-05
3.921E-08		7.91883E-05
3.929E-08		7.88091E-05
3.937E-08		7.87519E-05
3.945E-08		7.86114E-05
3.953E-08		7.88564E-05
3.961E-08		7.91366E-05
3.969E-08		7.85648E-05
3.977E-08		7.86571E-05
3.985E-08		7.83387E-05
3.993E-08		7.82767E-05
4.001E-08		7.80744E-05
4.009E-08		7.82665E-05
4.017E-08		7.7853E-05
4.025E-08		7.82785E-05
4.033E-08		7.82202E-05
4.041E-08		7.76728E-05
4.049E-08		7.74543E-05
4.057E-08		7.75213E-05
4.065E-08		7.80366E-05
4.073E-08		7.78759E-05
4.081E-08		7.76799E-05
4.089E-08		7.83745E-05
4.097E-08		7.78831E-05
4.104E-08		7.75003E-05
4.112E-08		7.77243E-05
4.12E-08		7.7992E-05
4.128E-08		7.79679E-05
4.136E-08		7.71572E-05
4.144E-08		7.80937E-05
4.152E-08		7.72989E-05
4.16E-08		7.7283E-05
4.168E-08		7.73907E-05
4.176E-08		7.6605E-05
4.184E-08		7.72709E-05
4.192E-08		7.75201E-05
4.2E-08		7.73996E-05
4.208E-08		7.79718E-05
4.216E-08		7.79799E-05
4.224E-08		7.81374E-05
4.232E-08		7.74521E-05
4.24E-08		7.74143E-05
4.248E-08		7.75444E-05
4.256E-08		7.75391E-05
4.264E-08		7.78832E-05
4.272E-08		7.77156E-05
4.28E-08		7.78131E-05
4.288E-08		7.68472E-05
4.296E-08		7.72788E-05
4.304E-08		7.68072E-05
4.312E-08		7.77287E-05
4.32E-08		7.67501E-05
4.328E-08		7.64081E-05
4.336E-08		7.65111E-05
4.344E-08		7.60684E-05
4.352E-08		7.68441E-05
4.36E-08		7.64527E-05
4.368E-08		7.69942E-05
4.376E-08		7.64964E-05
4.384E-08		7.62671E-05
4.392E-08		7.60344E-05
4.4E-08		7.62344E-05
4.408E-08		7.64174E-05
4.416E-08		7.63791E-05
4.424E-08		7.73775E-05
4.432E-08		7.59669E-05
4.44E-08		7.73352E-05
4.448E-08		7.68726E-05
4.456E-08		7.71787E-05
4.464E-08		7.73496E-05
4.472E-08		7.78807E-05
4.48E-08		7.80706E-05
4.488E-08		7.7432E-05
4.496E-08		7.82609E-05
4.504E-08		7.85438E-05
4.512E-08		7.88987E-05
4.52E-08		7.88486E-05
4.528E-08		7.8466E-05
4.536E-08		7.84831E-05
4.544E-08		7.99215E-05
4.552E-08		7.89247E-05
4.56E-08		7.96783E-05
4.568E-08		8.0122E-05
4.576E-08		8.08466E-05
4.584E-08		8.04806E-05
4.592E-08		8.09043E-05
4.6E-08		8.18207E-05
4.608E-08		8.06174E-05
4.616E-08		8.04458E-05
4.624E-08		8.06863E-05
4.632E-08		8.06572E-05
4.64E-08		8.18851E-05
4.648E-08		8.17023E-05
4.656E-08		8.20789E-05
4.664E-08		8.26962E-05
4.672E-08		8.22448E-05
4.68E-08		8.25517E-05
4.688E-08		8.26809E-05
4.696E-08		8.29617E-05
4.704E-08		8.27134E-05
4.712E-08		8.34988E-05
4.72E-08		8.50787E-05
4.728E-08		8.40818E-05
4.736E-08		8.40356E-05
4.744E-08		8.34447E-05
4.752E-08		8.40004E-05
4.76E-08		8.33598E-05
4.768E-08		8.43664E-05
4.776E-08		8.54966E-05
4.784E-08		8.60604E-05
4.792E-08		8.48073E-05
4.8E-08		8.53571E-05
4.808E-08		8.61356E-05
4.816E-08		8.66434E-05
4.824E-08		8.55352E-05
4.832E-08		8.70205E-05
4.84E-08		8.64468E-05
4.848E-08		8.50862E-05
4.856E-08		8.55216E-05
4.864E-08		8.51769E-05
4.872E-08		8.50796E-05
4.88E-08		8.59944E-05
4.888E-08		8.6637E-05
4.896E-08		8.60184E-05
4.904E-08		8.58311E-05
4.912E-08		8.50231E-05
4.92E-08		8.65966E-05
4.928E-08		8.658E-05
4.936E-08		8.51529E-05
4.944E-08		8.49422E-05
4.952E-08		8.64245E-05
4.96E-08		8.61031E-05
4.968E-08		8.63545E-05
4.976E-08		8.72113E-05
4.984E-08		8.7396E-05
4.992E-08		8.56452E-05
5E-08		8.6415E-05
5.008E-08		8.67787E-05
5.016E-08		8.87595E-05
5.024E-08		8.64038E-05
5.032E-08		8.64817E-05
5.04E-08		8.78578E-05
5.048E-08		8.70226E-05
5.056E-08		8.78005E-05
5.064E-08		8.57526E-05
5.072E-08		8.7107E-05
5.08E-08		8.57516E-05
5.088E-08		8.48492E-05
5.096E-08		8.65549E-05
5.104E-08		8.61499E-05
5.112E-08		8.68612E-05
5.12E-08		8.67491E-05
5.128E-08		8.67381E-05
5.136E-08		8.71035E-05
5.144E-08		8.71392E-05
5.152E-08		8.60369E-05
5.16E-08		8.68641E-05
5.168E-08		8.81067E-05
5.176E-08		8.78636E-05
5.184E-08		8.69125E-05
5.192E-08		8.63865E-05
5.2E-08		8.5857E-05
5.208E-08		8.61179E-05
5.216E-08		8.73425E-05
5.224E-08		8.77817E-05
5.232E-08		8.67604E-05
5.24E-08		8.65205E-05
5.248E-08		8.68712E-05
5.256E-08		8.68831E-05
5.264E-08		8.70148E-05
5.272E-08		8.65766E-05
5.28E-08		8.56235E-05
5.288E-08		8.58742E-05
5.296E-08		8.68703E-05
5.304E-08		8.72267E-05
5.312E-08		8.79932E-05
5.32E-08		8.63821E-05
5.328E-08		8.61598E-05
5.336E-08		8.64922E-05
5.344E-08		8.74455E-05
5.352E-08		8.71217E-05
5.36E-08		8.75757E-05
5.368E-08		8.66815E-05
5.376E-08		8.70715E-05
5.384E-08		8.61318E-05
5.392E-08		8.76243E-05
5.4E-08		8.77233E-05
5.408E-08		8.61196E-05
5.416E-08		8.58219E-05
5.424E-08		8.69616E-05
5.432E-08		8.64856E-05
5.44E-08		8.72908E-05
5.448E-08		8.66033E-05
5.456E-08		8.59828E-05
5.464E-08		8.69903E-05
5.472E-08		8.70257E-05
5.48E-08		8.69372E-05
5.488E-08		8.63886E-05
5.496E-08		8.67473E-05
5.504E-08		8.68565E-05
5.512E-08		8.77597E-05
5.52E-08		8.73546E-05
5.528E-08		8.7045E-05
5.536E-08		8.70352E-05
5.544E-08		8.63392E-05
5.552E-08		8.62469E-05
5.56E-08		8.70632E-05
5.568E-08		8.70993E-05
5.576E-08		8.69363E-05
5.584E-08		8.71023E-05
5.592E-08		8.68194E-05
5.6E-08		8.66461E-05
5.608E-08		8.63698E-05
5.616E-08		8.6689E-05
5.624E-08		8.62364E-05
5.632E-08		8.63601E-05
5.64E-08		8.59078E-05
5.648E-08		8.66127E-05
5.656E-08		8.6627E-05
5.664E-08		8.71324E-05
5.672E-08		8.61579E-05
5.68E-08		8.76706E-05
5.688E-08		8.67214E-05
5.696E-08		8.76048E-05
5.704E-08		8.72051E-05
5.712E-08		8.79235E-05
5.72E-08		8.76949E-05
5.728E-08		8.6508E-05
5.736E-08		8.75113E-05
5.744E-08		8.72268E-05
5.752E-08		8.68378E-05
5.76E-08		8.62328E-05
5.768E-08		8.6222E-05
5.776E-08		8.74523E-05
5.784E-08		8.7209E-05
5.792E-08		8.72803E-05
5.8E-08		8.77816E-05
5.808E-08		8.8039E-05
5.816E-08		8.73696E-05
5.824E-08		8.65999E-05
5.832E-08		8.64621E-05
5.84E-08		8.65304E-05
5.848E-08		8.66076E-05
5.856E-08		8.64078E-05
5.864E-08		8.64264E-05
5.872E-08		8.78334E-05
5.88E-08		8.75852E-05
5.888E-08		8.73369E-05
5.896E-08		8.69611E-05
5.904E-08		8.70734E-05
5.912E-08		8.62424E-05
5.92E-08		8.55531E-05
5.928E-08		8.63529E-05
5.936E-08		8.609E-05
5.944E-08		8.69499E-05
5.952E-08		8.60753E-05
5.96E-08		8.60384E-05
5.968E-08		8.69776E-05
5.976E-08		8.63467E-05
5.984E-08		8.68207E-05
5.992E-08		8.61622E-05
6E-08		8.68233E-05
6.008E-08		8.66139E-05
6.016E-08		8.70517E-05
6.024E-08		8.57133E-05
6.032E-08		8.6259E-05
6.04E-08		8.62595E-05
6.048E-08		8.57339E-05
6.056E-08		8.68636E-05
6.064E-08		8.63605E-05
6.072E-08		8.63689E-05
6.08E-08		8.57471E-05
6.088E-08		8.66859E-05
6.096E-08		8.65539E-05
6.104E-08		8.65436E-05
6.112E-08		8.53585E-05
6.12E-08		8.56549E-05
6.128E-08		8.6208E-05
6.136E-08		8.61929E-05
6.144E-08		8.64336E-05
6.152E-08		8.65529E-05
6.16E-08		8.68444E-05
6.168E-08		8.73214E-05
6.176E-08		8.80149E-05
6.184E-08		8.7872E-05
6.192E-08		8.81796E-05
6.2E-08		8.72838E-05
6.208E-08		8.72431E-05
6.216E-08		8.58865E-05
6.224E-08		8.73794E-05
6.232E-08		8.69041E-05
6.24E-08		8.66962E-05
6.248E-08		8.67372E-05
6.256E-08		8.6341E-05
6.264E-08		8.53444E-05
6.272E-08		8.66645E-05
6.28E-08		8.63359E-05
6.288E-08		8.6673E-05
6.296E-08		8.7244E-05
6.304E-08		8.63031E-05
6.312E-08		8.59562E-05
6.32E-08		8.66721E-05
6.328E-08		8.67564E-05
6.336E-08		8.83677E-05
6.344E-08		8.74734E-05
6.352E-08		8.80299E-05
6.36E-08		8.67466E-05
6.368E-08		8.76432E-05
6.376E-08		8.69948E-05
6.384E-08		8.7019E-05
6.392E-08		8.70658E-05
6.4E-08		8.70161E-05
6.408E-08		8.63676E-05
6.416E-08		8.58931E-05
6.424E-08		8.65569E-05
6.432E-08		8.66472E-05
6.44E-08		8.8385E-05
6.448E-08		8.6405E-05
6.456E-08		8.52914E-05
6.464E-08		8.64284E-05
6.472E-08		8.66544E-05
6.48E-08		8.58617E-05
6.488E-08		8.71168E-05
6.496E-08		8.64305E-05
6.504E-08		8.65732E-05
6.512E-08		8.66876E-05
6.52E-08		8.72429E-05
6.528E-08		8.68408E-05
6.536E-08		8.63603E-05
6.544E-08		8.58249E-05
6.552E-08		8.59043E-05
6.56E-08		8.63183E-05
6.568E-08		8.68895E-05
6.576E-08		8.71605E-05
6.584E-08		8.68355E-05
6.592E-08		8.62906E-05
6.6E-08		8.77182E-05
6.608E-08		8.68409E-05
6.616E-08		8.73353E-05
6.624E-08		8.67518E-05
6.632E-08		8.70851E-05
6.64E-08		8.5408E-05
6.648E-08		8.60367E-05
6.656E-08		8.65603E-05
6.664E-08		8.54222E-05
6.672E-08		8.49138E-05
6.68E-08		8.48645E-05
6.688E-08		8.67534E-05
6.696E-08		8.66918E-05
6.704E-08		8.6756E-05
6.712E-08		8.60706E-05
6.72E-08		8.65106E-05
6.728E-08		8.71507E-05
6.736E-08		8.7615E-05
6.744E-08		8.69676E-05
6.752E-08		8.71056E-05
6.76E-08		8.62111E-05
6.768E-08		8.71211E-05
6.776E-08		8.70112E-05
6.784E-08		8.72472E-05
6.792E-08		8.77093E-05
6.8E-08		8.81165E-05
6.808E-08		8.78892E-05
6.816E-08		8.75382E-05
6.824E-08		8.63039E-05
6.832E-08		8.75238E-05
6.84E-08		8.76084E-05
6.848E-08		8.58113E-05
6.856E-08		8.6045E-05
6.864E-08		8.56993E-05
6.872E-08		8.75938E-05
6.88E-08		8.76377E-05
6.888E-08		8.75506E-05
6.896E-08		8.71589E-05
6.904E-08		8.74038E-05
6.912E-08		8.59705E-05
6.92E-08		8.7106E-05
6.928E-08		8.70706E-05
6.936E-08		8.82013E-05
6.944E-08		8.73849E-05
6.952E-08		8.80595E-05
6.96E-08		8.74378E-05
6.968E-08		8.66553E-05
6.976E-08		8.76989E-05
6.984E-08		8.80373E-05
6.992E-08		8.77553E-05
7E-08		8.65803E-05
7.008E-08		8.74671E-05
7.016E-08		8.69592E-05
7.024E-08		8.59573E-05
7.032E-08		8.65935E-05
7.04E-08		8.58898E-05
7.048E-08		8.50428E-05
7.056E-08		8.53605E-05
7.064E-08		8.57562E-05
7.072E-08		8.65761E-05
7.08E-08		8.68165E-05
7.088E-08		8.58231E-05
7.096E-08		8.65887E-05
7.104E-08		8.63697E-05
7.112E-08		8.7304E-05
7.12E-08		8.73229E-05
7.128E-08		8.6168E-05
7.136E-08		8.50401E-05
7.144E-08		8.52892E-05
7.152E-08		8.62574E-05
7.16E-08		8.64662E-05
7.168E-08		8.46873E-05
7.176E-08		8.5266E-05
7.184E-08		8.55189E-05
7.192E-08		8.46694E-05
7.2E-08		8.66262E-05
7.208E-08		8.71813E-05
7.216E-08		8.63037E-05
7.224E-08		8.5832E-05
7.232E-08		8.70302E-05
7.24E-08		8.71532E-05
7.248E-08		8.69215E-05
7.256E-08		8.68395E-05
7.264E-08		8.55679E-05
7.272E-08		8.5974E-05
7.28E-08		8.67374E-05
7.288E-08		8.59749E-05
7.296E-08		8.69818E-05
7.304E-08		8.76479E-05
7.312E-08		8.63391E-05
7.32E-08		8.55197E-05
7.328E-08		8.64101E-05
7.336E-08		8.63007E-05
7.344E-08		8.60332E-05
7.352E-08		8.55731E-05
7.36E-08		8.54016E-05
7.368E-08		8.5434E-05
7.376E-08		8.50903E-05
7.384E-08		8.64239E-05
7.392E-08		8.74881E-05
7.4E-08		8.64709E-05
7.408E-08		8.62463E-05
7.416E-08		8.58923E-05
7.424E-08		8.51348E-05
7.432E-08		8.60511E-05
7.44E-08		8.57083E-05
7.448E-08		8.5734E-05
7.456E-08		8.61273E-05
7.464E-08		8.61325E-05
7.472E-08		8.69173E-05
7.48E-08		8.62466E-05
7.488E-08		8.68927E-05
7.496E-08		8.75463E-05
7.504E-08		8.66698E-05
7.512E-08		8.59503E-05
7.52E-08		8.74025E-05
7.528E-08		8.7961E-05
7.536E-08		8.72162E-05
7.544E-08		8.69864E-05
7.552E-08		8.71762E-05
7.56E-08		8.63704E-05
7.568E-08		8.71E-05
7.576E-08		8.75937E-05
7.584E-08		8.6933E-05
7.592E-08		8.78511E-05
7.6E-08		8.64529E-05
7.608E-08		8.62444E-05
7.616E-08		8.62382E-05
7.624E-08		8.69118E-05
7.632E-08		8.72249E-05
7.64E-08		8.54007E-05
7.648E-08		8.65444E-05
7.656E-08		8.60498E-05
7.664E-08		8.55938E-05
7.672E-08		8.64243E-05
7.68E-08		8.66524E-05
7.688E-08		8.64431E-05
7.696E-08		8.56876E-05
7.704E-08		8.68266E-05
7.712E-08		8.67507E-05
7.72E-08		8.60981E-05
7.728E-08		8.64938E-05
7.736E-08		8.74294E-05
7.744E-08		8.78158E-05
7.752E-08		8.70731E-05
7.76E-08		8.57671E-05
7.768E-08		8.57454E-05
7.776E-08		8.5325E-05
7.784E-08		8.65996E-05
7.792E-08		8.67503E-05
7.8E-08		8.61191E-05
7.808E-08		8.7831E-05
7.816E-08		8.69507E-05
7.824E-08		8.77525E-05
7.832E-08		8.73643E-05
7.84E-08		8.6556E-05
7.848E-08		8.60024E-05
7.856E-08		8.73759E-05
7.864E-08		8.79515E-05
7.872E-08		8.61823E-05
7.88E-08		8.59664E-05
7.888E-08		8.63338E-05
7.896E-08		8.56229E-05
7.904E-08		8.64972E-05
7.912E-08		8.63012E-05
7.92E-08		8.72252E-05
7.928E-08		8.65216E-05
7.936E-08		8.63962E-05
7.944E-08		8.71672E-05
7.952E-08		8.61539E-05
7.96E-08		8.62945E-05
7.968E-08		8.64054E-05
7.976E-08		8.58948E-05
7.984E-08		8.53559E-05
7.992E-08		8.5866E-05
8E-08		8.5613E-05
8.008E-08		8.59417E-05
8.016E-08		8.60534E-05
8.024E-08		8.6753E-05
8.032E-08		8.55627E-05
8.04E-08		8.68843E-05
8.048E-08		8.67282E-05
8.056E-08		8.6251E-05
8.064E-08		8.6584E-05
8.072E-08		8.64895E-05
8.08E-08		8.64834E-05
8.088E-08		8.80512E-05
8.096E-08		8.85631E-05
8.104E-08		8.73089E-05
8.112E-08		8.60987E-05
8.12E-08		8.58284E-05
8.128E-08		8.61239E-05
8.136E-08		8.57976E-05
8.144E-08		8.6634E-05
8.152E-08		8.71463E-05
8.16E-08		8.73469E-05
8.168E-08		8.70951E-05
8.176E-08		8.61344E-05
8.184E-08		8.60786E-05
8.192E-08		8.66119E-05
8.198E-08		8.63397E-05
8.206E-08		8.56538E-05
8.214E-08		8.46448E-05
8.222E-08		8.6296E-05
8.23E-08		8.64351E-05
8.238E-08		8.58377E-05
8.246E-08		8.54591E-05
8.254E-08		8.67125E-05
8.262E-08		8.66572E-05
8.27E-08		8.65112E-05
8.278E-08		8.68187E-05
8.286E-08		8.56586E-05
8.294E-08		8.74667E-05
8.302E-08		8.60249E-05
8.31E-08		8.54687E-05
8.318E-08		8.70143E-05
8.326E-08		8.5992E-05
8.334E-08		8.56258E-05
8.342E-08		8.57417E-05
8.35E-08		8.62883E-05
8.358E-08		8.58001E-05
8.366E-08		8.65035E-05
8.374E-08		8.60617E-05
8.382E-08		8.61606E-05
8.39E-08		8.70173E-05
8.398E-08		8.69558E-05
8.406E-08		8.6604E-05
8.414E-08		8.71599E-05
8.422E-08		8.62961E-05
8.43E-08		8.48534E-05
8.438E-08		8.50252E-05
8.446E-08		8.60126E-05
8.454E-08		8.6926E-05
8.462E-08		8.70867E-05
8.47E-08		8.8002E-05
8.478E-08		8.79085E-05
8.486E-08		8.71085E-05
8.494E-08		8.58252E-05
8.502E-08		8.6411E-05
8.51E-08		8.72193E-05
8.518E-08		8.6031E-05
8.526E-08		8.5723E-05
8.534E-08		8.67937E-05
8.542E-08		8.65815E-05
8.55E-08		8.58081E-05
8.558E-08		8.60348E-05
8.566E-08		8.69528E-05
8.574E-08		8.66617E-05
8.582E-08		8.6461E-05
8.59E-08		8.64797E-05
8.598E-08		8.66678E-05
8.606E-08		8.6684E-05
8.614E-08		8.76559E-05
8.622E-08		8.74393E-05
8.63E-08		8.81484E-05
8.638E-08		8.75339E-05
8.646E-08		8.60981E-05
8.654E-08		8.61667E-05
8.662E-08		8.74025E-05
8.67E-08		8.63409E-05
8.678E-08		8.5965E-05
8.686E-08		8.53916E-05
8.694E-08		8.64532E-05
8.702E-08		8.69804E-05
8.71E-08		8.65449E-05
8.718E-08		8.64221E-05
8.726E-08		8.60836E-05
8.734E-08		8.55682E-05
8.742E-08		8.64525E-05
8.75E-08		8.74886E-05
8.758E-08		8.69694E-05
8.766E-08		8.66427E-05
8.774E-08		8.64173E-05
8.782E-08		8.56114E-05
8.79E-08		8.71351E-05
8.798E-08		8.75451E-05
8.806E-08		8.74719E-05
8.814E-08		8.6688E-05
8.822E-08		8.58557E-05
8.83E-08		8.63782E-05
8.838E-08		8.59026E-05
8.846E-08		8.62286E-05
8.854E-08		8.64329E-05
8.862E-08		8.76316E-05
8.87E-08		8.78733E-05
8.878E-08		8.74213E-05
8.886E-08		8.52412E-05
8.894E-08		8.63897E-05
8.902E-08		8.75392E-05
8.91E-08		8.82386E-05
8.918E-08		8.64787E-05
8.926E-08		8.57205E-05
8.934E-08		8.54912E-05
8.942E-08		8.66786E-05
8.95E-08		8.63396E-05
8.958E-08		8.59878E-05
8.966E-08		8.53829E-05
8.974E-08		8.47907E-05
8.982E-08		8.52192E-05
8.99E-08		8.57735E-05
8.998E-08		8.63167E-05
9.006E-08		8.73778E-05
9.014E-08		8.65017E-05
9.022E-08		8.54866E-05
9.03E-08		8.6298E-05
9.038E-08		8.55354E-05
9.046E-08		8.60402E-05
9.054E-08		8.57582E-05
9.062E-08		8.57239E-05
9.07E-08		8.66746E-05
9.078E-08		8.67285E-05
9.086E-08		8.63687E-05
9.094E-08		8.60276E-05
9.102E-08		8.65218E-05
9.11E-08		8.6697E-05
9.118E-08		8.54329E-05
9.126E-08		8.65908E-05
9.134E-08		8.51337E-05
9.142E-08		8.67728E-05
9.15E-08		8.5886E-05
9.158E-08		8.67731E-05
9.166E-08		8.75084E-05
9.174E-08		8.66799E-05
9.182E-08		8.66608E-05
9.19E-08		8.61126E-05
9.198E-08		8.54563E-05
9.206E-08		8.5162E-05
9.214E-08		8.56879E-05
9.222E-08		8.52563E-05
9.23E-08		8.50577E-05
9.238E-08		8.54823E-05
9.246E-08		8.63814E-05
9.254E-08		8.48311E-05
9.262E-08		8.62278E-05
9.27E-08		8.53083E-05
9.278E-08		8.45402E-05
9.286E-08		8.54268E-05
9.294E-08		8.55566E-05
9.302E-08		8.5584E-05
9.31E-08		8.61823E-05
9.318E-08		8.69222E-05
9.326E-08		8.72748E-05
9.334E-08		8.66175E-05
9.342E-08		8.58024E-05
9.35E-08		8.61294E-05
9.358E-08		8.72477E-05
9.366E-08		8.7845E-05
9.374E-08		8.77372E-05
9.382E-08		8.58567E-05
9.39E-08		8.54646E-05
9.398E-08		8.66532E-05
9.406E-08		8.56637E-05
9.414E-08		8.51051E-05
9.422E-08		8.55709E-05
9.43E-08		8.58647E-05
9.438E-08		8.58098E-05
9.446E-08		8.65186E-05
9.454E-08		8.68328E-05
9.462E-08		8.56022E-05
9.47E-08		8.67905E-05
9.478E-08		8.69636E-05
9.486E-08		8.63152E-05
9.494E-08		8.57357E-05
9.502E-08		8.63003E-05
9.51E-08		8.66865E-05
9.518E-08		8.64045E-05
9.526E-08		8.62303E-05
9.534E-08		8.54474E-05
9.542E-08		8.65643E-05
9.55E-08		8.61965E-05
9.558E-08		8.64697E-05
9.566E-08		8.61104E-05
9.574E-08		8.60004E-05
9.582E-08		8.56326E-05
9.59E-08		8.558E-05
9.598E-08		8.58795E-05
9.606E-08		8.73245E-05
9.614E-08		8.55395E-05
9.622E-08		8.56356E-05
9.63E-08		8.54794E-05
9.638E-08		8.67029E-05
9.646E-08		8.5157E-05
9.654E-08		8.69163E-05
9.662E-08		8.59635E-05
9.67E-08		8.81508E-05
9.678E-08		8.67895E-05
9.686E-08		8.66228E-05
9.694E-08		8.6633E-05
9.702E-08		8.6817E-05
9.71E-08		8.77009E-05
9.718E-08		8.69195E-05
9.726E-08		8.63129E-05
9.734E-08		8.67409E-05
9.742E-08		8.64426E-05
9.75E-08		8.54298E-05
9.758E-08		8.54935E-05
9.766E-08		8.5427E-05
9.774E-08		8.64192E-05
9.782E-08		8.55419E-05
9.79E-08		8.55506E-05
9.798E-08		8.62944E-05
9.806E-08		8.57234E-05
9.814E-08		8.5202E-05
9.822E-08		8.49133E-05
9.83E-08		8.48934E-05
9.838E-08		8.61806E-05
9.846E-08		8.55008E-05
9.854E-08		8.54914E-05
9.862E-08		8.5822E-05
9.87E-08		8.5698E-05
9.878E-08		8.60154E-05
9.886E-08		8.56036E-05
9.894E-08		8.57591E-05
9.902E-08		8.51504E-05
9.91E-08		8.68235E-05
9.918E-08		8.62694E-05
9.926E-08		8.5759E-05
9.934E-08		8.49632E-05
9.942E-08		8.58935E-05
9.95E-08		8.6551E-05
9.958E-08		8.55212E-05
9.966E-08		8.7443E-05
9.974E-08		8.62394E-05
9.982E-08		8.68344E-05
9.99E-08		8.61343E-05
9.998E-08		8.6204E-05
1.0006E-07		8.55314E-05
1.0014E-07		8.54923E-05
1.0022E-07		8.47378E-05
1.003E-07		8.5492E-05
1.0038E-07		8.65096E-05
1.0046E-07		8.68293E-05
1.0054E-07		8.68397E-05
1.0062E-07		8.69742E-05
1.007E-07		8.64308E-05
1.0078E-07		8.69949E-05
1.0086E-07		8.60977E-05
1.0094E-07		8.6034E-05
1.0102E-07		8.49944E-05
1.011E-07		8.60719E-05
1.0118E-07		8.67597E-05
1.0126E-07		8.6497E-05
1.0134E-07		8.67315E-05
1.0142E-07		8.61208E-05
1.015E-07		8.68903E-05
1.0158E-07		8.60909E-05
1.0166E-07		8.62534E-05
1.0174E-07		8.6381E-05
1.0182E-07		8.77627E-05
1.019E-07		8.7558E-05
1.0198E-07		8.62568E-05
1.0206E-07		8.54208E-05
1.0214E-07		8.61579E-05
1.0222E-07		8.50925E-05
1.023E-07		8.5877E-05
1.0238E-07		8.57224E-05
1.0246E-07		8.55707E-05
1.0254E-07		8.46634E-05
1.0262E-07		8.5338E-05
1.027E-07		8.58548E-05
1.0278E-07		8.6293E-05
1.0286E-07		8.65507E-05
1.0294E-07		8.64177E-05
1.0302E-07		8.68697E-05
1.031E-07		8.62216E-05
1.0318E-07		8.60405E-05
1.0326E-07		8.58766E-05
1.0334E-07		8.58058E-05
1.0342E-07		8.7108E-05
1.035E-07		8.62064E-05
1.0358E-07		8.6148E-05
1.0366E-07		8.64687E-05
1.0374E-07		8.60716E-05
1.0382E-07		8.59528E-05
1.039E-07		8.73007E-05
1.0398E-07		8.57829E-05
1.0406E-07		8.62377E-05
1.0414E-07		8.59428E-05
1.0422E-07		8.50466E-05
1.043E-07		8.54555E-05
1.0438E-07		8.55482E-05
1.0446E-07		8.59165E-05
1.0454E-07		8.51287E-05
1.0462E-07		8.62157E-05
1.047E-07		8.57321E-05
1.0478E-07		8.70959E-05
1.0486E-07		8.67319E-05
1.0494E-07		8.58934E-05
1.0502E-07		8.5286E-05
1.051E-07		8.54691E-05
1.0518E-07		8.65054E-05
1.0526E-07		8.60594E-05
1.0534E-07		8.73037E-05
1.0542E-07		8.64866E-05
1.055E-07		8.60961E-05
1.0558E-07		8.59573E-05
1.0566E-07		8.59492E-05
1.0574E-07		8.66841E-05
1.0582E-07		8.68846E-05
1.059E-07		8.68691E-05
1.0598E-07		8.67997E-05
1.0606E-07		8.73503E-05
1.0614E-07		8.59669E-05
1.0622E-07		8.55178E-05
1.063E-07		8.55679E-05
1.0638E-07		8.39391E-05
1.0646E-07		8.58865E-05
1.0654E-07		8.59655E-05
1.0662E-07		8.56489E-05
1.067E-07		8.62258E-05
1.0678E-07		8.65194E-05
1.0686E-07		8.66623E-05
1.0694E-07		8.66887E-05
1.0702E-07		8.52917E-05
1.071E-07		8.5927E-05
1.0718E-07		8.56674E-05
1.0726E-07		8.46332E-05
1.0734E-07		8.60916E-05
1.0742E-07		8.60032E-05
1.075E-07		8.65806E-05
1.0758E-07		8.43517E-05
1.0766E-07		8.46303E-05
1.0774E-07		8.49757E-05
1.0782E-07		8.54276E-05
1.079E-07		8.68318E-05
1.0798E-07		8.65181E-05
1.0806E-07		8.52705E-05
1.0814E-07		8.52103E-05
1.0822E-07		8.49889E-05
1.083E-07		8.66825E-05
1.0838E-07		8.67724E-05
1.0846E-07		8.5841E-05
1.0854E-07		8.62363E-05
1.0862E-07		8.64368E-05
1.087E-07		8.67072E-05
1.0878E-07		8.68554E-05
1.0886E-07		8.59449E-05
1.0894E-07		8.56193E-05
1.0902E-07		8.51226E-05
1.091E-07		8.73256E-05
1.0918E-07		8.50151E-05
1.0926E-07		8.56312E-05
1.0934E-07		8.49821E-05
1.0942E-07		8.55602E-05
1.095E-07		8.57577E-05
1.0958E-07		8.66073E-05
1.0966E-07		8.58904E-05
1.0974E-07		8.54943E-05
1.0982E-07		8.60727E-05
1.099E-07		8.58839E-05
1.0998E-07		8.4795E-05
1.1006E-07		8.62779E-05
1.1014E-07		8.5476E-05
1.1022E-07		8.47314E-05
1.103E-07		8.57502E-05
1.1038E-07		8.53123E-05
1.1046E-07		8.60394E-05
1.1054E-07		8.63769E-05
1.1062E-07		8.61327E-05
1.107E-07		8.56271E-05
1.1078E-07		8.56703E-05
1.1086E-07		8.56909E-05
1.1094E-07		8.58283E-05
1.1102E-07		8.69314E-05
1.111E-07		8.63009E-05
1.1118E-07		8.64729E-05
1.1126E-07		8.71565E-05
1.1134E-07		8.61311E-05
1.1142E-07		8.61423E-05
1.115E-07		8.4758E-05
1.1158E-07		8.45399E-05
1.1166E-07		8.57138E-05
1.1174E-07		8.71871E-05
1.1182E-07		8.69218E-05
1.119E-07		8.66824E-05
1.1198E-07		8.62884E-05
1.1206E-07		8.55649E-05
1.1214E-07		8.64019E-05
1.1222E-07		8.67995E-05
1.123E-07		8.68604E-05
1.1238E-07		8.58276E-05
1.1246E-07		8.65152E-05
1.1254E-07		8.65508E-05
1.1262E-07		8.75069E-05
1.127E-07		8.7679E-05
1.1278E-07		8.64426E-05
1.1286E-07		8.55169E-05
1.1294E-07		8.57895E-05
1.1302E-07		8.61987E-05
1.131E-07		8.53006E-05
1.1318E-07		8.5096E-05
1.1326E-07		8.45298E-05
1.1334E-07		8.50661E-05
1.1342E-07		8.56705E-05
1.135E-07		8.61497E-05
1.1358E-07		8.58614E-05
1.1366E-07		8.58099E-05
1.1374E-07		8.52924E-05
1.1382E-07		8.53506E-05
1.139E-07		8.48806E-05
1.1398E-07		8.56617E-05
1.1406E-07		8.70813E-05
1.1414E-07		8.63984E-05
1.1422E-07		8.6215E-05
1.143E-07		8.67184E-05
1.1438E-07		8.60037E-05
1.1446E-07		8.65966E-05
1.1454E-07		8.65382E-05
1.1462E-07		8.65487E-05
1.147E-07		8.64707E-05
1.1478E-07		8.63757E-05
1.1486E-07		8.56232E-05
1.1494E-07		8.53738E-05
1.1502E-07		8.43E-05
1.151E-07		8.43273E-05
1.1518E-07		8.69017E-05
1.1526E-07		8.62504E-05
1.1534E-07		8.67305E-05
1.1542E-07		8.69558E-05
1.155E-07		8.70035E-05
1.1558E-07		8.65425E-05
1.1566E-07		8.67119E-05
1.1574E-07		8.57551E-05
1.1582E-07		8.59677E-05
1.159E-07		8.57064E-05
1.1598E-07		8.67021E-05
1.1606E-07		8.69692E-05
1.1614E-07		8.68918E-05
1.1622E-07		8.63883E-05
1.163E-07		8.51198E-05
1.1638E-07		8.35654E-05
1.1646E-07		8.60561E-05
1.1654E-07		8.48568E-05
1.1662E-07		8.59654E-05
1.167E-07		8.63313E-05
1.1678E-07		8.51815E-05
1.1686E-07		8.454E-05
1.1694E-07		8.55885E-05
1.1702E-07		8.53577E-05
1.171E-07		8.56146E-05
1.1718E-07		8.65824E-05
1.1726E-07		8.61755E-05
1.1734E-07		8.57934E-05
1.1742E-07		8.6023E-05
1.175E-07		8.68377E-05
1.1758E-07		8.73003E-05
1.1766E-07		8.54559E-05
1.1774E-07		8.58935E-05
1.1782E-07		8.72276E-05
1.179E-07		8.57216E-05
1.1798E-07		8.54473E-05
1.1806E-07		8.72078E-05
1.1814E-07		8.63269E-05
1.1822E-07		8.5839E-05
1.183E-07		8.64521E-05
1.1838E-07		8.60661E-05
1.1846E-07		8.58713E-05
1.1854E-07		8.53619E-05
1.1862E-07		8.57827E-05
1.187E-07		8.56963E-05
1.1878E-07		8.7022E-05
1.1886E-07		8.68961E-05
1.1894E-07		8.63318E-05
1.1902E-07		8.49338E-05
1.191E-07		8.57365E-05
1.1918E-07		8.5815E-05
1.1926E-07		8.57933E-05
1.1934E-07		8.61038E-05
1.1942E-07		8.5876E-05
1.195E-07		8.50301E-05
1.1958E-07		8.4868E-05
1.1966E-07		8.66542E-05
1.1974E-07		8.54031E-05
1.1982E-07		8.6287E-05
1.199E-07		8.51374E-05
1.1998E-07		8.66207E-05
1.2006E-07		8.51674E-05
1.2014E-07		8.52847E-05
1.2022E-07		8.69211E-05
1.203E-07		8.64847E-05
1.2038E-07		8.50124E-05
1.2046E-07		8.55465E-05
1.2054E-07		8.59502E-05
1.2062E-07		8.64048E-05
1.207E-07		8.58981E-05
1.2078E-07		8.62966E-05
1.2086E-07		8.60301E-05
1.2094E-07		8.65553E-05
1.2102E-07		8.63163E-05
1.211E-07		8.52591E-05
1.2118E-07		8.53859E-05
1.2126E-07		8.63379E-05
1.2134E-07		8.69876E-05
1.2142E-07		8.64116E-05
1.215E-07		8.63945E-05
1.2158E-07		8.65187E-05
1.2166E-07		8.62329E-05
1.2174E-07		8.55466E-05
1.2182E-07		8.6044E-05
1.219E-07		8.50129E-05
1.2198E-07		8.48204E-05
1.2206E-07		8.60122E-05
1.2214E-07		8.54699E-05
1.2222E-07		8.71227E-05
1.223E-07		8.63273E-05
1.2238E-07		8.6122E-05
1.2246E-07		8.67804E-05
1.2254E-07		8.69863E-05
1.2262E-07		8.69889E-05
1.227E-07		8.57892E-05
1.2278E-07		8.5436E-05
1.2286E-07		8.58914E-05
1.2294E-07		8.58657E-05
1.2302E-07		8.53615E-05
1.231E-07		8.48549E-05
1.2318E-07		8.57486E-05
1.2326E-07		8.61868E-05
1.2334E-07		8.67364E-05
1.2342E-07		8.58445E-05
1.235E-07		8.49238E-05
1.2358E-07		8.54572E-05
1.2366E-07		8.62191E-05
1.2374E-07		8.54552E-05
1.2382E-07		8.549E-05
1.239E-07		8.45291E-05
1.2398E-07		8.4272E-05
1.2406E-07		8.48898E-05
1.2414E-07		8.46393E-05
1.2422E-07		8.50124E-05
1.243E-07		8.58021E-05
1.2438E-07		8.70427E-05
1.2446E-07		8.64852E-05
1.2454E-07		8.50441E-05
1.2462E-07		8.61061E-05
1.247E-07		8.5781E-05
1.2478E-07		8.40887E-05
1.2486E-07		8.48185E-05
1.2494E-07		8.58858E-05
1.2502E-07		8.65442E-05
1.251E-07		8.73737E-05
1.2518E-07		8.64405E-05
1.2526E-07		8.52661E-05
1.2534E-07		8.65015E-05
1.2542E-07		8.71209E-05
1.255E-07		8.63473E-05
1.2558E-07		8.62996E-05
1.2566E-07		8.64128E-05
1.2574E-07		8.49735E-05
1.2582E-07		8.57131E-05
1.259E-07		8.68354E-05
1.2598E-07		8.6681E-05
1.2606E-07		8.67426E-05
1.2614E-07		8.55477E-05
1.2622E-07		8.63018E-05
1.263E-07		8.57194E-05
1.2638E-07		8.47448E-05
1.2646E-07		8.48795E-05
1.2654E-07		8.42255E-05
1.2662E-07		8.51055E-05
1.267E-07		8.47839E-05
1.2678E-07		8.53126E-05
1.2686E-07		8.6335E-05
1.2694E-07		8.60152E-05
1.2702E-07		8.51448E-05
1.271E-07		8.52195E-05
1.2718E-07		8.50146E-05
1.2726E-07		8.52991E-05
1.2734E-07		8.60975E-05
1.2742E-07		8.61989E-05
1.275E-07		8.62861E-05
1.2758E-07		8.67869E-05
1.2766E-07		8.59566E-05
1.2774E-07		8.46465E-05
1.2782E-07		8.44565E-05
1.279E-07		8.60342E-05
1.2798E-07		8.56433E-05
1.2806E-07		8.6017E-05
1.2814E-07		8.69866E-05
1.2822E-07		8.54086E-05
1.283E-07		8.62078E-05
1.2838E-07		8.47359E-05
1.2846E-07		8.5274E-05
1.2854E-07		8.57852E-05
1.2862E-07		8.55202E-05
1.287E-07		8.50183E-05
1.2878E-07		8.56126E-05
1.2886E-07		8.42897E-05
1.2894E-07		8.51878E-05
1.2902E-07		8.56371E-05
1.291E-07		8.51436E-05
1.2918E-07		8.48727E-05
1.2926E-07		8.5895E-05
1.2934E-07		8.71066E-05
1.2942E-07		8.63028E-05
1.295E-07		8.50128E-05
1.2958E-07		8.48854E-05
1.2966E-07		8.54686E-05
1.2974E-07		8.55605E-05
1.2982E-07		8.55764E-05
1.299E-07		8.5048E-05
1.2998E-07		8.47841E-05
1.3006E-07		8.49183E-05
1.3014E-07		8.44278E-05
1.3022E-07		8.44793E-05
1.303E-07		8.5113E-05
1.3038E-07		8.6128E-05
1.3046E-07		8.64094E-05
1.3054E-07		8.59458E-05
1.3062E-07		8.49822E-05
1.307E-07		8.47166E-05
1.3078E-07		8.4279E-05
1.3086E-07		8.62901E-05
1.3094E-07		8.55473E-05
1.3102E-07		8.69366E-05
1.311E-07		8.67915E-05
1.3118E-07		8.65227E-05
1.3126E-07		8.76922E-05
1.3134E-07		8.54997E-05
1.3142E-07		8.55546E-05
1.315E-07		8.64075E-05
1.3158E-07		8.60567E-05
1.3166E-07		8.50035E-05
1.3174E-07		8.50232E-05
1.3182E-07		8.39049E-05
1.319E-07		8.44807E-05
1.3198E-07		8.59128E-05
1.3206E-07		8.52088E-05
1.3214E-07		8.55107E-05
1.3222E-07		8.5471E-05
1.323E-07		8.6489E-05
1.3238E-07		8.58954E-05
1.3246E-07		8.54485E-05
1.3254E-07		8.64552E-05
1.3262E-07		8.5907E-05
1.327E-07		8.61056E-05
1.3278E-07		8.57634E-05
1.3286E-07		8.53975E-05
1.3294E-07		8.69946E-05
1.3302E-07		8.57553E-05
1.331E-07		8.66582E-05
1.3318E-07		8.58635E-05
1.3326E-07		8.59288E-05
1.3334E-07		8.65233E-05
1.3342E-07		8.50474E-05
1.335E-07		8.59341E-05
1.3358E-07		8.53092E-05
1.3366E-07		8.76406E-05
1.3374E-07		8.56946E-05
1.3382E-07		8.65225E-05
1.339E-07		8.69361E-05
1.3398E-07		8.61675E-05
1.3406E-07		8.71584E-05
1.3414E-07		8.64585E-05
1.3422E-07		8.53596E-05
1.343E-07		8.48381E-05
1.3438E-07		8.45938E-05
1.3446E-07		8.59201E-05
1.3454E-07		8.51937E-05
1.3462E-07		8.59312E-05
1.347E-07		8.63674E-05
1.3478E-07		8.62851E-05
1.3486E-07		8.54435E-05
1.3494E-07		8.57575E-05
1.3502E-07		8.59128E-05
1.351E-07		8.54322E-05
1.3518E-07		8.50053E-05
1.3526E-07		8.49683E-05
1.3534E-07		8.52749E-05
1.3542E-07		8.50586E-05
1.355E-07		8.52338E-05
1.3558E-07		8.54681E-05
1.3566E-07		8.67132E-05
1.3574E-07		8.48499E-05
1.3582E-07		8.56096E-05
1.359E-07		8.6347E-05
1.3598E-07		8.79396E-05
1.3606E-07		8.53434E-05
1.3614E-07		8.58663E-05
1.3622E-07		8.56318E-05
1.363E-07		8.52767E-05
1.3638E-07		8.57351E-05
1.3646E-07		8.62893E-05
1.3654E-07		8.72249E-05
1.3662E-07		8.56511E-05
1.367E-07		8.50302E-05
1.3678E-07		8.56656E-05
1.3686E-07		8.56927E-05
1.3694E-07		8.52496E-05
1.3702E-07		8.666E-05
1.371E-07		8.58699E-05
1.3718E-07		8.55459E-05
1.3726E-07		8.57653E-05
1.3734E-07		8.56224E-05
1.3742E-07		8.66755E-05
1.375E-07		8.58173E-05
1.3758E-07		8.56848E-05
1.3766E-07		8.67726E-05
1.3774E-07		8.57222E-05
1.3782E-07		8.62871E-05
1.379E-07		8.56967E-05
1.3798E-07		8.70061E-05
1.3806E-07		8.57145E-05
1.3814E-07		8.64424E-05
1.3822E-07		8.52748E-05
1.383E-07		8.62717E-05
1.3838E-07		8.54965E-05
1.3846E-07		8.63503E-05
1.3854E-07		8.554E-05
1.3862E-07		8.54731E-05
1.387E-07		8.53389E-05
1.3878E-07		8.6141E-05
1.3886E-07		8.52658E-05
1.3894E-07		8.57332E-05
1.3902E-07		8.5619E-05
1.391E-07		8.51343E-05
1.3918E-07		8.64089E-05
1.3926E-07		8.63184E-05
1.3934E-07		8.62851E-05
1.3942E-07		8.60429E-05
1.395E-07		8.61866E-05
1.3958E-07		8.54707E-05
1.3966E-07		8.61769E-05
1.3974E-07		8.71935E-05
1.3982E-07		8.72245E-05
1.399E-07		8.62596E-05
1.3998E-07		8.60232E-05
1.4006E-07		8.59282E-05
1.4014E-07		8.54284E-05
1.4022E-07		8.50482E-05
1.403E-07		8.66455E-05
1.4038E-07		8.57729E-05
1.4046E-07		8.63914E-05
1.4054E-07		8.65214E-05
1.4062E-07		8.6373E-05
1.407E-07		8.6281E-05
1.4078E-07		8.56193E-05
1.4086E-07		8.57594E-05
1.4094E-07		8.71328E-05
1.4102E-07		8.57564E-05
1.411E-07		8.6098E-05
1.4118E-07		8.58847E-05
1.4126E-07		8.6952E-05
1.4134E-07		8.5825E-05
1.4142E-07		8.52872E-05
1.415E-07		8.53205E-05
1.4158E-07		8.59327E-05
1.4166E-07		8.51575E-05
1.4174E-07		8.49087E-05
1.4182E-07		8.47212E-05
1.419E-07		8.52333E-05
1.4198E-07		8.51199E-05
1.4206E-07		8.53473E-05
1.4214E-07		8.6388E-05
1.4222E-07		8.63653E-05
1.423E-07		8.73229E-05
1.4238E-07		8.468E-05
1.4246E-07		8.50568E-05
1.4254E-07		8.45253E-05
1.4262E-07		8.51279E-05
1.427E-07		8.51624E-05
1.4278E-07		8.44469E-05
1.4286E-07		8.4821E-05
1.4294E-07		8.51132E-05
1.4302E-07		8.44554E-05
1.431E-07		8.51234E-05
1.4318E-07		8.54126E-05
1.4326E-07		8.55045E-05
1.4334E-07		8.58594E-05
1.4342E-07		8.49135E-05
1.435E-07		8.46336E-05
1.4358E-07		8.52081E-05
1.4366E-07		8.51836E-05
1.4374E-07		8.70098E-05
1.4382E-07		8.64034E-05
1.439E-07		8.64333E-05
1.4398E-07		8.56048E-05
1.4406E-07		8.53188E-05
1.4414E-07		8.58958E-05
1.4422E-07		8.7014E-05
1.443E-07		8.60194E-05
1.4438E-07		8.60912E-05
1.4446E-07		8.50654E-05
1.4454E-07		8.59102E-05
1.4462E-07		8.61464E-05
1.447E-07		8.59377E-05
1.4478E-07		8.60904E-05
1.4486E-07		8.53603E-05
1.4494E-07		8.62276E-05
1.4502E-07		8.55024E-05
1.451E-07		8.6212E-05
1.4518E-07		8.59768E-05
1.4526E-07		8.6318E-05
1.4534E-07		8.62611E-05
1.4542E-07		8.71499E-05
1.455E-07		8.51363E-05
1.4558E-07		8.58662E-05
1.4566E-07		8.63128E-05
1.4574E-07		8.62152E-05
1.4582E-07		8.62951E-05
1.459E-07		8.62281E-05
1.4598E-07		8.61742E-05
1.4606E-07		8.50761E-05
1.4614E-07		8.52162E-05
1.4622E-07		8.6467E-05
1.463E-07		8.59825E-05
1.4638E-07		8.60583E-05
1.4646E-07		8.4828E-05
1.4654E-07		8.57705E-05
1.4662E-07		8.44776E-05
1.467E-07		8.47865E-05
1.4678E-07		8.52739E-05
1.4686E-07		8.44741E-05
1.4694E-07		8.66985E-05
1.4702E-07		8.68847E-05
1.471E-07		8.64843E-05
1.4718E-07		8.62735E-05
1.4726E-07		8.54539E-05
1.4734E-07		8.66233E-05
1.4742E-07		8.64933E-05
1.475E-07		8.63582E-05
1.4758E-07		8.60267E-05
1.4766E-07		8.67509E-05
1.4774E-07		8.73987E-05
1.4782E-07		8.66223E-05
1.479E-07		8.63449E-05
1.4798E-07		8.64696E-05
1.4806E-07		8.68679E-05
1.4814E-07		8.57655E-05
1.4822E-07		8.53773E-05
1.483E-07		8.55144E-05
1.4838E-07		8.50103E-05
1.4846E-07		8.5869E-05
1.4854E-07		8.54191E-05
1.4862E-07		8.54891E-05
1.487E-07		8.56542E-05
1.4878E-07		8.75427E-05
1.4886E-07		8.63816E-05
1.4894E-07		8.65503E-05
1.4902E-07		8.58333E-05
1.491E-07		8.5429E-05
1.4918E-07		8.55479E-05
1.4926E-07		8.63609E-05
1.4934E-07		8.71442E-05
1.4942E-07		8.6458E-05
1.495E-07		8.67241E-05
1.4958E-07		8.6655E-05
1.4966E-07		8.5563E-05
1.4974E-07		8.66185E-05
1.4982E-07		8.51983E-05
1.499E-07		8.56474E-05
1.4998E-07		8.52514E-05
1.5006E-07		8.66162E-05
1.5014E-07		8.52295E-05
1.5022E-07		8.46253E-05
1.503E-07		8.59812E-05
1.5038E-07		8.49434E-05
1.5046E-07		8.57323E-05
1.5054E-07		8.57664E-05
1.5062E-07		8.56506E-05
1.507E-07		8.58561E-05
1.5078E-07		8.53041E-05
1.5086E-07		8.48453E-05
1.5094E-07		8.47744E-05
1.5102E-07		8.46212E-05
1.511E-07		8.49985E-05
1.5118E-07		8.42264E-05
1.5126E-07		8.54674E-05
1.5134E-07		8.52442E-05
1.5142E-07		8.48859E-05
1.515E-07		8.55924E-05
1.5158E-07		8.50982E-05
1.5166E-07		8.56106E-05
1.5174E-07		8.63972E-05
1.5182E-07		8.57234E-05
1.519E-07		8.44191E-05
1.5198E-07		8.41208E-05
1.5206E-07		8.4928E-05
1.5214E-07		8.51542E-05
1.5222E-07		8.62617E-05
1.523E-07		8.53793E-05
1.5238E-07		8.54729E-05
1.5246E-07		8.46403E-05
1.5254E-07		8.46786E-05
1.5262E-07		8.55731E-05
1.527E-07		8.58697E-05
1.5278E-07		8.54522E-05
1.5286E-07		8.47476E-05
1.5294E-07		8.43085E-05
1.5302E-07		8.35975E-05
1.531E-07		8.35389E-05
1.5318E-07		8.34729E-05
1.5326E-07		8.48673E-05
1.5334E-07		8.50522E-05
1.5342E-07		8.45883E-05
1.535E-07		8.42361E-05
1.5358E-07		8.60493E-05
1.5366E-07		8.46432E-05
1.5374E-07		8.59074E-05
1.5382E-07		8.46447E-05
1.539E-07		8.47516E-05
1.5398E-07		8.49769E-05
1.5406E-07		8.45433E-05
1.5414E-07		8.58608E-05
1.5422E-07		8.56336E-05
1.543E-07		8.49182E-05
1.5438E-07		8.57372E-05
1.5446E-07		8.68231E-05
1.5454E-07		8.46421E-05
1.5462E-07		8.50873E-05
1.547E-07		8.43199E-05
1.5478E-07		8.45892E-05
1.5486E-07		8.48925E-05
1.5494E-07		8.64676E-05
1.5502E-07		8.57431E-05
1.551E-07		8.60554E-05
1.5518E-07		8.6074E-05
1.5526E-07		8.65205E-05
1.5534E-07		8.73459E-05
1.5542E-07		8.67233E-05
1.555E-07		8.59238E-05
1.5558E-07		8.62627E-05
1.5566E-07		8.51737E-05
1.5574E-07		8.58077E-05
1.5582E-07		8.55404E-05
1.559E-07		8.42693E-05
1.5598E-07		8.56924E-05
1.5606E-07		8.47167E-05
1.5614E-07		8.58475E-05
1.5622E-07		8.61941E-05
1.563E-07		8.52643E-05
1.5638E-07		8.65527E-05
1.5646E-07		8.51734E-05
1.5654E-07		8.55372E-05
1.5662E-07		8.49285E-05
1.567E-07		8.56602E-05
1.5678E-07		8.46288E-05
1.5686E-07		8.49442E-05
1.5694E-07		8.62683E-05
1.5702E-07		8.6636E-05
1.571E-07		8.63314E-05
1.5718E-07		8.56716E-05
1.5726E-07		8.5299E-05
1.5734E-07		8.54374E-05
1.5742E-07		8.48681E-05
1.575E-07		8.46778E-05
1.5758E-07		8.44446E-05
1.5766E-07		8.58455E-05
1.5774E-07		8.48805E-05
1.5782E-07		8.46476E-05
1.579E-07		8.54932E-05
1.5798E-07		8.46331E-05
1.5806E-07		8.52513E-05
1.5814E-07		8.56833E-05
1.5822E-07		8.49385E-05
1.583E-07		8.40952E-05
1.5838E-07		8.66212E-05
1.5846E-07		8.48435E-05
1.5854E-07		8.51067E-05
1.5862E-07		8.57291E-05
1.587E-07		8.59132E-05
1.5878E-07		8.58297E-05
1.5886E-07		8.45504E-05
1.5894E-07		8.60513E-05
1.5902E-07		8.58408E-05
1.591E-07		8.51957E-05
1.5918E-07		8.59166E-05
1.5926E-07		8.55962E-05
1.5934E-07		8.49733E-05
1.5942E-07		8.49258E-05
1.595E-07		8.49154E-05
1.5958E-07		8.60228E-05
1.5966E-07		8.56558E-05
1.5974E-07		8.55495E-05
1.5982E-07		8.55141E-05
1.599E-07		8.62272E-05
1.5998E-07		8.52396E-05
1.6006E-07		8.56455E-05
1.6014E-07		8.49431E-05
1.6022E-07		8.50001E-05
1.603E-07		8.55625E-05
1.6038E-07		8.48147E-05
1.6046E-07		8.54553E-05
1.6054E-07		8.59405E-05
1.6062E-07		8.51206E-05
1.607E-07		8.54163E-05
1.6078E-07		8.48177E-05
1.6086E-07		8.5122E-05
1.6094E-07		8.5517E-05
1.6102E-07		8.56631E-05
1.611E-07		8.69343E-05
1.6118E-07		8.62465E-05
1.6126E-07		8.54131E-05
1.6134E-07		8.57926E-05
1.6142E-07		8.51793E-05
1.615E-07		8.55873E-05
1.6158E-07		8.48779E-05
1.6166E-07		8.43332E-05
1.6174E-07		8.45015E-05
1.6182E-07		8.60263E-05
1.619E-07		8.53244E-05
1.6198E-07		8.4941E-05
1.6206E-07		8.52383E-05
1.6214E-07		8.5536E-05
1.6222E-07		8.56831E-05
1.623E-07		8.4399E-05
1.6238E-07		8.50714E-05
1.6246E-07		8.54522E-05
1.6254E-07		8.57019E-05
1.6262E-07		8.47622E-05
1.627E-07		8.40781E-05
1.6278E-07		8.49266E-05
1.6286E-07		8.50066E-05
1.6294E-07		8.49092E-05
1.6302E-07		8.51607E-05
1.631E-07		8.56097E-05
1.6318E-07		8.53373E-05
1.6326E-07		8.46279E-05
1.6334E-07		8.45723E-05
1.6342E-07		8.61052E-05
1.635E-07		8.52825E-05
1.6358E-07		8.48489E-05
1.6366E-07		8.43026E-05
1.6374E-07		8.48969E-05
1.6382E-07		8.58022E-05
1.6386E-07		8.5907E-05
1.6394E-07		8.456E-05
1.6402E-07		8.45308E-05
1.641E-07		8.52046E-05
1.6418E-07		8.47437E-05
1.6426E-07		8.56902E-05
1.6434E-07		8.6492E-05
1.6442E-07		8.7384E-05
1.645E-07		8.58262E-05
1.6458E-07		8.69322E-05
1.6466E-07		8.5636E-05
1.6474E-07		8.56432E-05
1.6482E-07		8.61021E-05
1.649E-07		8.61921E-05
1.6498E-07		8.50529E-05
1.6506E-07		8.50215E-05
1.6514E-07		8.51387E-05
1.6522E-07		8.44806E-05
1.653E-07		8.57477E-05
1.6538E-07		8.52653E-05
1.6546E-07		8.43096E-05
1.6554E-07		8.37707E-05
1.6562E-07		8.43865E-05
1.657E-07		8.47322E-05
1.6578E-07		8.52376E-05
1.6586E-07		8.47439E-05
1.6594E-07		8.50217E-05
1.6602E-07		8.50039E-05
1.661E-07		8.62172E-05
1.6618E-07		8.6161E-05
1.6626E-07		8.51968E-05
1.6634E-07		8.52648E-05
1.6642E-07		8.54824E-05
1.665E-07		8.50131E-05
1.6658E-07		8.6497E-05
1.6666E-07		8.51169E-05
1.6674E-07		8.64419E-05
1.6682E-07		8.57318E-05
1.669E-07		8.5196E-05
1.6698E-07		8.55346E-05
1.6706E-07		8.49526E-05
1.6714E-07		8.50012E-05
1.6722E-07		8.5335E-05
1.673E-07		8.5341E-05
1.6738E-07		8.48453E-05
1.6746E-07		8.45972E-05
1.6754E-07		8.50079E-05
1.6762E-07		8.34196E-05
1.677E-07		8.36469E-05
1.6778E-07		8.33501E-05
1.6786E-07		8.44237E-05
1.6794E-07		8.46675E-05
1.6802E-07		8.48766E-05
1.681E-07		8.35908E-05
1.6818E-07		8.42289E-05
1.6826E-07		8.43565E-05
1.6834E-07		8.52719E-05
1.6842E-07		8.62379E-05
1.685E-07		8.52386E-05
1.6858E-07		8.44747E-05
1.6866E-07		8.43348E-05
1.6874E-07		8.46895E-05
1.6882E-07		8.59858E-05
1.689E-07		8.47888E-05
1.6898E-07		8.61994E-05
1.6906E-07		8.64E-05
1.6914E-07		8.45535E-05
1.6922E-07		8.59285E-05
1.693E-07		8.53069E-05
1.6938E-07		8.48402E-05
1.6946E-07		8.5005E-05
1.6954E-07		8.5497E-05
1.6962E-07		8.59402E-05
1.697E-07		8.57441E-05
1.6978E-07		8.50982E-05
1.6986E-07		8.44834E-05
1.6994E-07		8.50657E-05
1.7002E-07		8.47706E-05
1.701E-07		8.50487E-05
1.7018E-07		8.53581E-05
1.7026E-07		8.44628E-05
1.7034E-07		8.42925E-05
1.7042E-07		8.45054E-05
1.705E-07		8.41207E-05
1.7058E-07		8.41204E-05
1.7066E-07		8.42516E-05
1.7074E-07		8.44964E-05
1.7082E-07		8.48651E-05
1.709E-07		8.54356E-05
1.7098E-07		8.5994E-05
1.7106E-07		8.57254E-05
1.7114E-07		8.48364E-05
1.7122E-07		8.47847E-05
1.713E-07		8.42258E-05
1.7138E-07		8.40649E-05
1.7146E-07		8.4565E-05
1.7154E-07		8.52126E-05
1.7162E-07		8.37869E-05
1.717E-07		8.4357E-05
1.7178E-07		8.42638E-05
